0.06220 0.13659 0.70927
0.30471 0.85816 0.13581
0.66363 0.60092 0.99480
0.84519 0.11273 0.13771
0.49940 0.48966 0.65183
0.65534 0.67199 0.06739
0.81281 0.08640 0.33474
0.12001 0.54384 0.01372
0.14851 0.16964 0.81111
0.88362 0.18951 0.25092
0.14128 0.25863 0.63348
0.76097 0.03637 0.31549
0.79117 0.40954 0.21622
0.29132 0.56086 0.01730
0.13202 0.49234 0.06882
0.83292 0.79028 0.50260
0.08856 0.67013 0.50966
0.84973 0.94066 0.87759
0.15795 0.17610 0.72386
0.50498 0.61958 0.30589
0.60616 0.05124 0.44439
0.27971 0.78477 0.40186
0.23251 0.71803 0.34250
0.64976 0.09635 0.30593
0.66509 0.49941 0.32331
0.36804 0.78189 0.36187
0.94335 0.03478 0.33400
0.35529 0.08792 0.43065
0.67926 0.11086 0.01725
0.76714 0.52147 0.99773
0.48352 0.29938 0.36333
0.38718 0.95776 0.25046
0.97655 0.02801 0.38376
0.48438 0.52033 0.93021
0.04660 0.63366 0.32789
0.46666 0.96190 0.33115
0.97169 0.92001 0.03680
0.15386 0.78246 0.34207
0.96472 0.46637 0.75349
0.75301 0.93793 0.91890
0.39463 0.29612 0.45545
0.98191 0.79257 0.15511
0.08687 0.66873 0.07699
0.27847 0.09191 0.79846
0.45688 0.90696 0.69729
0.72478 0.98939 0.43996
0.17054 0.91965 0.41014
0.95572 0.75221 0.51357
0.72691 0.83693 0.26458
0.36308 0.78308 0.73328
0.25964 0.39156 0.98154
0.85127 0.14070 0.66435
0.49075 0.65126 0.65378
0.67101 0.07048 0.81235
-0.09236 0.27919 0.12273
0.51952 0.01272 0.15776
0.17525 0.80823 0.88505
0.19255 0.25131 0.14040
0.25829 0.63391 0.76216
0.03700 0.31440 0.78027
0.42945 0.21912 0.29619
0.75224 0.95832 0.93942
0.84242 0.12271 0.51978
0.38412 0.49812 0.84736
0.00947 0.04906 0.60010
0.35400 0.55719 0.93448
0.45917 0.06710 0.26194
0.06821 0.14937 0.81514
0.52458 0.01463 0.46694
0.67654 0.26358 0.24209
0.76913 0.76704 0.20654
0.77703 0.74865 0.46974
0.95924 0.44474 0.13973
0.92576 0.09244 0.87200
0.38814 0.36044 0.99905
0.27418 0.53969 0.10493
0.27664 0.65015 0.61022
0.82620 0.58482 0.10325
0.92431 0.73260 0.03583
0.63418 0.76349 0.76729
0.08482 0.13055 0.65108
0.25165 0.91515 0.75960
0.34300 0.92492 0.87089
0.67862 0.69244 0.57724
0.81651 0.97862 0.45273
0.61483 0.85795 0.75902
0.47567 0.32900 0.07544
0.46786 0.03431 0.13128
0.96621 0.20352 0.40937
0.85663 0.64610 0.86961
0.79875 0.20116 0.65904
0.60256 0.09534 0.15405
0.93395 0.85948 0.78436
0.96624 0.83372 0.22167
0.03221 0.26923 0.09353
0.57903 0.44603 0.90677
0.61603 0.52538 0.04726
0.20493 0.88314 0.76737
0.84997 0.63944 0.32124
0.34468 0.69941 0.19382
0.30471 0.85816 0.13581
0.47006 0.68645 0.97596
0.56521 0.83401 0.37139
0.25335 0.34397 0.26816
0.45173 0.70411 0.77468
0.42771 0.80920 0.16614
0.67585 0.21691 0.73443
0.71711 0.86500 0.04591
0.93513 0.61864 0.63959
0.62257 0.63721 0.60925
0.19060 0.39719 0.96083
0.57687 1.02168 0.69323
0.05909 0.79043 0.55810
0.18804 0.04620 0.62258
0.55126 0.10479 0.00010
0.85774 0.24926 0.02110
0.33168 0.30648 0.22146
0.13995 0.82639 0.94681
0.70012 0.42157 0.25899
0.82246 0.02503 0.51424
0.64781 0.35869 0.32350
0.44294 0.67514 0.84749
0.35254 0.30624 0.44771
0.59925 0.80292 0.45369
0.14409 0.63663 0.80720
0.44664 0.41818 0.56927
0.21378 0.35590 0.30775
0.17195 0.87991 0.13041
0.98863 0.08619 0.61905
0.15839 0.71433 0.56289
0.44928 0.66143 0.17930
0.04504 0.29202 0.95577
0.76247 0.33381 0.17987
0.53132 0.39121 0.00345
0.35839 0.67129 0.51059
0.73327 0.54849 0.07738
0.16015 0.07255 0.68917
0.81033 0.49084 0.29978
0.90349 0.57076 0.86947
0.01804 0.09610 0.72643
0.64145 0.81888 0.46759
0.94388 0.70234 0.09370
0.96115 0.61027 0.34777
0.04324 0.44032 0.09894
0.72397 0.94001 0.81294
0.45963 0.08475 0.01652
0.42909 0.12675 0.59378
0.26393 0.24529 0.79275
0.97809 0.03674 0.81577
0.88139 0.53106 0.64755
0.30584 0.09174 0.61905
0.26648 0.03098 0.11400
0.96283 0.46591 0.47749
0.07535 0.85185 0.76700
0.96739 0.47798 0.31713
0.07684 0.36424 0.10597
0.09304 0.14861 0.15740
0.77302 0.44685 0.48234
0.91622 0.10397 0.26503
0.44483 0.47996 0.38433
0.89035 0.11797 0.98622
0.72238 0.44584 0.48109
0.77185 0.76472 0.55100
0.08180 0.13714 0.56341
0.29691 0.96760 0.57221
0.29527 0.96127 0.25427
0.79532 0.57167 0.12456
0.83113 0.02112 0.55683
0.96312 0.41808 0.59911
0.49269 0.56463 0.45307
0.94940 0.70403 0.64357
0.64316 0.52754 0.19321
0.23374 0.61594 0.34569
0.80838 0.49440 0.23010
0.23151 0.98336 0.78251
0.30891 0.47698 0.34165
0.58332 0.02800 0.46761
0.13821 0.10622 0.12670
0.72612 0.09911 0.27657
0.07868 0.37109 0.16678
0.47917 0.81010 0.37857
0.10384 0.55900 0.65146
0.70030 0.26517 0.82138
0.67018 0.13669 0.97676
0.31641 0.77593 0.26295
0.09527 0.96870 0.43479
0.77238 0.17124 0.00391
0.89036 0.16643 0.40255
0.66921 0.12955 0.72126
0.16847 0.70563 0.80649
0.96556 0.61820 0.03792
0.24951 0.65315 0.41400
0.30192 0.47690 0.05727
0.59159 0.98742 0.77430
0.01998 0.03649 0.96345
0.57109 0.49559 0.48957
0.85311 0.13680 0.02169
0.04170 0.36362 0.92415
0.65609 0.39210 0.61241
0.42709 0.34735 0.22761
0.30421 0.13265 0.39546
0.97809 0.03674 0.81577
0.88139 0.53106 0.64755
0.65767 0.15958 0.64134
0.24244 0.26820 0.53931
0.04823 0.51527 0.74602
0.93679 0.46551 0.15479
0.70268 0.50422 0.05689
0.25150 0.04602 0.60913
0.35765 0.12059 0.60863
0.36574 0.55424 0.10036
0.58727 0.84621 0.78290
0.51155 0.87103 0.54793
0.06893 0.52827 0.98822
0.59563 0.05272 0.67647
0.01462 0.51864 0.83645
0.34400 0.68720 0.92901
0.43638 0.50054 0.56007
0.96948 0.71844 0.82935
0.70309 0.38534 0.55767
0.42751 0.40288 0.08181
0.96221 0.65541 0.75173
0.86432 0.68841 0.64261
0.41368 0.42980 0.26937
0.98052 0.34869 0.47254
0.08911 0.76716 0.26591
0.97090 0.48449 0.47338
0.59795 0.78259 0.49199
0.96453 0.19209 0.87916
0.09416 0.95796 0.35909
0.54315 0.57989 0.35666
0.54775 0.51043 0.22933
0.04132 0.01330 0.04253
0.11433 0.31175 0.36723
0.40376 0.30409 0.12440
0.96401 0.35210 0.42865
0.34436 0.67663 0.86565
0.66000 0.39838 0.68523
0.65767 0.28299 0.97512
0.18141 0.57756 0.71314
0.82986 0.36086 0.17665
0.24098 0.39086 0.86758
0.79576 0.43669 0.07029
0.78184 0.19708 0.64979
0.22612 0.43645 0.02918
0.40022 0.88533 0.74334
0.92992 0.67741 0.76892
0.32608 0.07961 0.65857
0.95950 0.77474 0.37037
0.28216 0.29328 0.59700
0.38699 0.60806 0.60925
0.52627 0.64653 0.65640
0.15790 0.64167 0.24034
0.29354 0.55111 0.04590
0.51409 0.74552 0.93370
0.46485 0.15442 0.70331
0.50526 0.05687 0.24938
0.05167 0.60234 0.35806
0.12326 0.60956 0.34954
0.54855 0.10422 0.58577
0.84537 0.78377 0.51281
0.87354 0.54132 0.06792
0.52848 0.98601 0.60720
0.05680 0.67474 0.01159
0.51706 0.83708 0.34200
0.68993 0.92713 0.43543
0.49818 0.56162 0.97499
0.69820 0.81562 0.70403
0.38277 0.55750 0.47236
0.41595 0.08340 0.96451
0.65680 0.75205 0.86461
0.68537 0.64620 0.41096
0.42964 0.26971 0.98571
0.34735 0.47354 0.08748
0.76605 0.26544 0.97894
0.49188 0.47577 0.59656
0.78166 0.49192 0.96576
0.18933 0.87957 0.09258
0.95870 0.35663 0.54404
0.58097 0.35774 0.56273
0.49883 0.23026 0.06695
0.77499 0.87013 0.28958
0.50780 0.42700 0.51293
0.42856 0.24003 0.23583
0.55235 0.28503 0.41378
0.40495 0.63874 0.29430
0.98400 0.05887 0.47574
0.44161 0.42655 0.93107
0.64717 0.35187 0.58797
0.95806 0.99800 0.31751
0.37936 0.95811 0.07278
0.96369 0.64691 0.11816
0.72015 0.23621 0.49488
0.35093 0.66371 0.18879
0.29724 0.16746 0.20325
0.17378 0.79073 0.27734
0.19781 1.24550 0.14711
0.01061 0.05387 0.36434
0.68130 0.65145 0.38954
0.61333 0.69517 0.42749
0.13096 0.14226 0.63348
0.00947 0.04906 0.60010
0.35400 0.55719 0.93448
0.45917 0.06710 0.26194
0.06821 0.14937 0.81514
0.52458 0.01463 0.46694
0.67654 0.26358 0.24209
0.76913 0.76704 0.20654
0.77703 0.74865 0.46974
0.95924 0.44474 0.13973
0.92576 0.09244 0.87200
0.38814 0.36044 0.99905
0.27418 0.53969 0.10493
0.27664 0.65015 0.61022
0.82620 0.58482 0.10325
0.92431 0.73260 0.03583
0.63418 0.76349 0.76729
0.08482 0.13055 0.65108
0.25165 0.91515 0.75960
0.34300 0.92492 0.87089
0.67862 0.69244 0.57724
0.81651 0.97862 0.45273
0.61483 0.85795 0.75902
0.47567 0.32900 0.07544
0.46786 0.03431 0.13128
0.96621 0.20352 0.40937
0.85663 0.64610 0.86961
0.79875 0.20116 0.65904
0.60256 0.09534 0.15405
0.93395 0.85948 0.78436
0.96624 0.83372 0.22167
0.03221 0.26923 0.09353
0.57903 0.44603 0.90677
0.61603 0.52538 0.04726
0.20493 0.88314 0.76737
0.84997 0.63944 0.32124
0.34468 0.69941 0.19382
0.72029 0.92183 0.41643
0.61628 0.85500 0.53455
0.37920 0.60790 0.01480
0.60599 0.38933 0.84509
0.47876 0.23146 0.39552
0.23253 0.23241 0.58933
0.33123 0.79919 0.13522
0.33002 0.30687 0.31928
0.19791 0.44064 0.79292
0.95963 0.77189 0.91024
0.22735 0.75309 0.43150
0.04352 0.87786 0.19616
0.70731 0.36975 0.09130
0.32992 0.06818 0.18688
0.93691 0.75707 0.75360
0.96196 0.93624 0.83775
0.12425 0.50883 0.38388
0.79250 0.45536 0.00218
0.04774 0.60864 0.36037
0.55478 0.93264 0.45794
0.06430 0.26368 0.07705
0.13955 0.81749 0.51828
0.01116 0.46719 0.68818
0.26587 0.25200 0.78208
0.75303 0.20661 0.77578
0.76168 0.47029 0.95905
0.44051 0.13867 0.95084
0.09018 0.86971 0.38707
0.36159 0.99602 0.28161
0.55030 0.11098 0.31650
0.63557 0.61076 0.82678
0.58692 0.10155 0.92405
0.73208 0.03797 0.63377
0.77472 0.75164 0.06957
0.14693 0.64617 0.25137
0.91859 0.75660 0.42263
0.95647 0.86755 0.67984
0.69309 0.57724 0.81734
0.97072 0.45560 0.61556
0.85479 0.76156 0.47746
0.32166 0.08594 0.46668
0.03604 0.13168 0.96839
0.20744 0.40873 0.86099
0.64732 0.86707 0.80148
0.20224 0.65819 0.60486
0.09005 0.16056 0.93298
0.86131 0.77822 0.96878
0.83304 0.22105 0.03535
0.29367 0.10773 0.57926
0.44625 0.90594 0.61529
0.52399 0.04813 0.20685
0.88322 0.76633 0.84640
0.63719 0.32316 0.34459
0.70520 0.19524 0.72051
0.92176 0.41815 0.61600
0.87463 0.53694 0.37947
0.60570 0.01916 0.60553
0.38692 0.84344 0.47785
0.23362 0.39459 0.23093
0.23181 0.59089 0.36531
0.85225 0.13625 0.32565
0.30249 0.31811 0.19553
0.44141 0.79390 0.97037
